id,geometry_name,id_expl,id_planeamento,desig_comercial,tipo_servico_niveis,num_bicicletas,num_docas,racio,estado,update_date,bbox,longitude,latitude
emel_gira_stations.220,geom,306,306,306 - Avenida da Liberdade / Rua Alexandre Herculano,A,5,16,0.31,active,2025-03-30T05:15:15Z,"[-9.14854, 38.72281, -9.14854, 38.72281]",-9.14854,38.72281
emel_gira_stations.82,geom,324,324,324 - Rua Morais Soares / Largo Mendonça e Costa,A,10,12,0.83,active,2025-03-30T05:15:42Z,"[-9.130805, 38.733025, -9.130805, 38.733025]",-9.130805,38.733025
emel_gira_stations.83,geom,331,331,331 - Avenida General Roçadas / Mercado de Sapadores,A,14,18,0.78,active,2025-03-30T05:15:42Z,"[-9.128819, 38.722547, -9.128819, 38.722547]",-9.128819,38.722547
emel_gira_stations.106,geom,384,384,307 - Marquês de Pombal,A,15,33,0.45,repair,2025-02-19T16:41:41Z,"[-9.149334, 38.724954, -9.149334, 38.724954]",-9.149334,38.724954
emel_gira_stations.172,geom,452,452,452 - Rua Teixeira de Pascoais / Rua Dr. Gama Barros,B,8,10,0.8,active,2025-03-30T05:15:03Z,"[-9.136681, 38.747751, -9.136681, 38.747751]",-9.136681,38.747751
emel_gira_stations.230,geom,419,419,419 - Av. António José de Almeida / Instituto Superior Técnico,B,3,25,0.12,active,2025-03-30T05:15:17Z,"[-9.13956, 38.73811, -9.13956, 38.73811]",-9.13956,38.73811
emel_gira_stations.84,geom,261,261,261 - Calçada da Estrela / Assembleia da República ,A,11,17,0.65,active,2025-03-30T05:15:43Z,"[-9.153871, 38.711469, -9.153871, 38.711469]",-9.153871,38.711469
emel_gira_stations.97,geom,439,439,439 - Rua General Leman,A,2,22,0.09,active,2025-03-30T05:15:46Z,"[-9.157637, 38.741986, -9.157637, 38.741986]",-9.157637,38.741986
emel_gira_stations.100,geom,445,445,445 - Avenida Afonso Costa / SSCML,A,13,24,0.54,active,2025-03-30T05:15:47Z,"[-9.127572, 38.74068, -9.127572, 38.74068]",-9.127572,38.74068
emel_gira_stations.108,geom,455,455,455 - Avenida Álvaro Pais / Rua Sousa Lopes,A,9,20,0.45,active,2025-03-30T05:15:49Z,"[-9.155302, 38.74574, -9.155302, 38.74574]",-9.155302,38.74574
emel_gira_stations.177,geom,468,468,468 - Largo Frei Heitor Pinto,B,3,21,0.14,active,2025-03-30T05:15:05Z,"[-9.13827, 38.75482, -9.13827, 38.75482]",-9.13827,38.75482
emel_gira_stations.85,geom,289,289,289 - Parque Ribeirinho Oriente,A,12,26,0.46,active,2025-03-30T05:15:43Z,"[-9.097661, 38.744521, -9.097661, 38.744521]",-9.097661,38.744521
emel_gira_stations.86,geom,288,288,288 - Praça David Leandro da Silva,A,17,22,0.77,active,2025-03-30T05:15:43Z,"[-9.102359, 38.742484, -9.102359, 38.742484]",-9.102359,38.742484
emel_gira_stations.78,geom,444,444,444 - Rua João da Silva / Complexo Desportivo do Casal Vistoso,A,7,17,0.41,active,2025-03-30T05:15:43Z,"[-9.128901, 38.742368, -9.128901, 38.742368]",-9.128901,38.742368
emel_gira_stations.102,geom,466,466,466 - Rua Azevedo Neves (Universidade Católica Portuguesa),A,6,15,0.4,active,2025-03-30T05:15:47Z,"[-9.165081, 38.748018, -9.165081, 38.748018]",-9.165081,38.748018
emel_gira_stations.180,geom,442,442,442 - Campo Pequeno,A,3,16,0.19,active,2025-03-30T05:15:06Z,"[-9.14523, 38.743371, -9.14523, 38.743371]",-9.14523,38.743371
emel_gira_stations.89,geom,434,434,434 - Praça de Londres / Av. de Roma,A,3,23,0.13,active,2025-03-30T05:15:43Z,"[-9.13745, 38.741407, -9.13745, 38.741407]",-9.13745,38.741407
emel_gira_stations.90,geom,404,404,404 - Largo São Sebastião da Pedreira,A,1,10,0.1,active,2025-03-30T05:15:44Z,"[-9.152444, 38.733526, -9.152444, 38.733526]",-9.152444,38.733526
emel_gira_stations.262,geom,441,441,441 - Rua Soeiro Pereira Gomes,A,2,17,0.12,active,2025-03-30T05:15:47Z,"[-9.160048, 38.74516, -9.160048, 38.74516]",-9.160048,38.74516
emel_gira_stations.109,geom,580,580,580 - Azinhaga da Cidade / Pq. Estacionamento Ameixoeira,A,12,31,0.39,active,2025-03-30T05:15:49Z,"[-9.159014, 38.77946, -9.159014, 38.77946]",-9.159014,38.77946
emel_gira_stations.116,geom,564,564,564 - R. Prof. Manuel Valadares / Azinhaga da Cidade,A,0,16,0.0,repair,2025-03-30T05:15:49Z,"[-9.159899, 38.776152, -9.159899, 38.776152]",-9.159899,38.776152
emel_gira_stations.187,geom,415,415,415 - Av. Duque de Ávila / Av. Conde Valbom,B,1,20,0.05,active,2025-03-30T05:15:08Z,"[-9.148443, 38.735188, -9.148443, 38.735188]",-9.148443,38.735188
emel_gira_stations.192,geom,459,459,459 - Rua Maria Amália Vaz de Carvalho / ES Rainha D. Leonor,B,1,20,0.05,active,2025-03-30T05:15:09Z,"[-9.141741, 38.751481, -9.141741, 38.751481]",-9.141741,38.751481
emel_gira_stations.238,geom,401,401,401 - Rua Martens Ferrão / Av. Fontes Pereira de Melo,B,7,16,0.44,active,2025-03-30T05:15:19Z,"[-9.14742, 38.72894, -9.14742, 38.72894]",-9.14742,38.72894
emel_gira_stations.88,geom,429,429,429 - Av. Defensores de Chaves / Av. Elias Garcia,A,2,21,0.1,active,2025-03-30T05:15:44Z,"[-9.144196, 38.738442, -9.144196, 38.738442]",-9.144196,38.738442
emel_gira_stations.92,geom,469,469,469 - Avenida Almirante Gago Coutinho / Avenida Dom Rodrigo da Cunha,A,7,20,0.35,active,2025-03-30T05:15:44Z,"[-9.130766, 38.754472, -9.130766, 38.754472]",-9.130766,38.754472
emel_gira_stations.103,geom,152,152,152 - Alameda da Encarnação / Rua da Portela	,A,15,21,0.71,active,2025-03-30T05:15:47Z,"[-9.121902, 38.770808, -9.121902, 38.770808]",-9.121902,38.770808
emel_gira_stations.112,geom,573,573,573 - Avenida Nuno Krus Abecassis / Rua Tito de Morais,A,0,20,0.0,repair,2025-03-30T05:15:49Z,"[-9.149151, 38.778408, -9.149151, 38.778408]",-9.149151,38.778408
emel_gira_stations.188,geom,417,417,417 - Av. Duque de Ávila / Jardim Arco Do Cego,A,9,23,0.39,active,2025-03-30T05:15:08Z,"[-9.142703, 38.735352, -9.142703, 38.735352]",-9.142703,38.735352
emel_gira_stations.91,geom,440,440,440 - Rua Soeiro Pereira Gomes,A,6,17,0.35,active,2025-03-30T05:15:44Z,"[-9.158365, 38.742574, -9.158365, 38.742574]",-9.158365,38.742574
emel_gira_stations.93,geom,505,505,505 - Rua Sousa Loureiro / Rua Conde de Almoster,A,3,17,0.18,active,2025-03-30T05:15:45Z,"[-9.184358, 38.745011, -9.184358, 38.745011]",-9.184358,38.745011
emel_gira_stations.105,geom,454,454,454 - Av. Álvaro Pais / Rua da Cruz Vermelha	,A,6,20,0.3,active,2025-03-30T05:15:48Z,"[-9.151449, 38.744971, -9.151449, 38.744971]",-9.151449,38.744971
emel_gira_stations.115,geom,565,565,565 - Rua A do Pual / Parque Oeste Alta de Lisboa,A,0,23,0.0,repair,2025-03-30T05:15:49Z,"[-9.15743, 38.777121, -9.15743, 38.777121]",-9.15743,38.777121
emel_gira_stations.193,geom,423,423,423 - Av. Conde Valbom / Rua Marquês Sá da Bandeira,B,4,10,0.4,active,2025-03-30T05:15:09Z,"[-9.152295, 38.737911, -9.152295, 38.737911]",-9.152295,38.737911
emel_gira_stations.94,geom,328,328,328 - Avenida General Roçadas / Rua Francisco Pedro Curado,A,10,12,0.83,active,2025-03-30T05:15:45Z,"[-9.128212, 38.727509, -9.128212, 38.727509]",-9.128212,38.727509
emel_gira_stations.95,geom,136,136,136 - Rua Cidade de Bissau / Praça Cidade Salazar,A,7,24,0.29,active,2025-03-30T05:15:45Z,"[-9.117117, 38.763585, -9.117117, 38.763585]",-9.117117,38.763585
emel_gira_stations.107,geom,447,447,447 - Av. 5 de Outubro / Av. António Serpa,A,1,20,0.05,active,2025-03-30T05:15:48Z,"[-9.149145, 38.742814, -9.149145, 38.742814]",-9.149145,38.742814
emel_gira_stations.215,geom,485,485,485 - Rua Tomás da Fonseca / Rua António Albino Machado,B,8,10,0.8,active,2025-03-30T05:15:14Z,"[-9.17, 38.756, -9.17, 38.756]",-9.17,38.756
emel_gira_stations.219,geom,305,305,305 - Avenida da Liberdade / Rua Barata Salgueiro,A,7,16,0.44,active,2025-03-30T05:15:15Z,"[-9.147, 38.72228, -9.147, 38.72228]",-9.147,38.72228
emel_gira_stations.96,geom,153,153,153 - Praça das Casas Novas / Mercado Sul,A,8,20,0.4,active,2025-03-30T05:15:45Z,"[-9.11314, 38.771913, -9.11314, 38.771913]",-9.11314,38.771913
emel_gira_stations.101,geom,515,515,515 - Largo da Luz,A,8,10,0.8,active,2025-03-30T05:15:47Z,"[-9.18327, 38.760986, -9.18327, 38.760986]",-9.18327,38.760986
emel_gira_stations.222,geom,487,487,487 - Rua Professor João Barreira,B,0,14,0.0,active,2025-03-30T05:15:15Z,"[-9.17096, 38.76136, -9.17096, 38.76136]",-9.17096,38.76136
emel_gira_stations.263,geom,405,405,405 - Rua Pedro Nunes / Av. 5 de Outubro,A,1,14,0.07,active,2025-03-30T05:15:45Z,"[-9.14727, 38.733827, -9.14727, 38.733827]",-9.14727,38.733827
emel_gira_stations.104,geom,327,327,327 - Parada do Alto de São João,A,15,20,0.75,active,2025-03-30T05:15:48Z,"[-9.123307, 38.729419, -9.123307, 38.729419]",-9.123307,38.729419
emel_gira_stations.223,geom,486,486,486 - Rua Hermano Neves / Rua José Escada,B,1,14,0.07,active,2025-03-30T05:15:15Z,"[-9.16985, 38.75954, -9.16985, 38.75954]",-9.16985,38.75954
emel_gira_stations.98,geom,234,234,234 - Av. da Índia / Museu Nacional dos Coches,A,17,22,0.77,active,2025-03-30T05:15:46Z,"[-9.198901, 38.69631, -9.198901, 38.69631]",-9.198901,38.69631
emel_gira_stations.178,geom,431,431,431 - Rua do Arco Cego / Av. Magalhães Lima,B,4,14,0.29,active,2025-03-30T05:15:05Z,"[-9.14199, 38.73937, -9.14199, 38.73937]",-9.14199,38.73937
emel_gira_stations.226,geom,443,443,443 - Av. de Roma / Fórum Lisboa,B,6,14,0.43,active,2025-03-30T05:15:16Z,"[-9.13866, 38.74351, -9.13866, 38.74351]",-9.13866,38.74351
emel_gira_stations.65,geom,211,211,211 - Doca da Marinha,A,30,40,0.75,active,2025-03-30T05:15:39Z,"[-9.132463, 38.707751, -9.132463, 38.707751]",-9.132463,38.707751
emel_gira_stations.99,geom,233,233,233 - Rua de Belém / Jardim Vasco da Gama,A,8,12,0.67,repair,2025-03-30T05:15:49Z,"[-9.204056, 38.696867, -9.204056, 38.696867]",-9.204056,38.696867
emel_gira_stations.179,geom,412,412,412 - Av. Ressano Garcia / Av. António Augusto de Aguiar,B,1,16,0.06,active,2025-03-30T05:15:05Z,"[-9.1546, 38.73448, -9.1546, 38.73448]",-9.1546,38.73448
emel_gira_stations.233,geom,490,490,490 - Rua Fernando Namora / Azinhaga da Torre do Fato,A,6,16,0.38,active,2025-03-30T05:15:17Z,"[-9.17849, 38.76026, -9.17849, 38.76026]",-9.17849,38.76026
emel_gira_stations.165,geom,109,109,109 - Alameda dos Oceanos / Rua Ilha dos Amores,,12,14,0.86,active,2025-03-30T05:15:40Z,"[-9.094686, 38.777548, -9.094686, 38.777548]",-9.094686,38.777548
emel_gira_stations.182,geom,426,426,426 - Av. Elias Garcia / Av. 5 de Outubro,B,5,14,0.36,active,2025-03-30T05:15:06Z,"[-9.14793, 38.739046, -9.14793, 38.739046]",-9.14793,38.739046
emel_gira_stations.22,geom,139,139,139 - Rua Cidade de Bissau (Metro Olivais),A,6,25,0.24,active,2025-03-30T05:15:28Z,"[-9.111596, 38.76134, -9.111596, 38.76134]",-9.111596,38.76134
emel_gira_stations.42,geom,232,232,232 - Avenida da Índia / Centro de Arqueologia de Lisboa,A,15,22,0.68,active,2025-03-30T05:15:34Z,"[-9.212149, 38.694155, -9.212149, 38.694155]",-9.212149,38.694155
emel_gira_stations.183,geom,449,449,449 - Av. 5 de Outubro / Rua da Cruz Vermelha,B,0,14,0.0,active,2025-03-30T05:15:06Z,"[-9.150085, 38.746836, -9.150085, 38.746836]",-9.150085,38.746836
emel_gira_stations.52,geom,235,235,235 - Rua da Junqueira / Rua Pinto Ferreira,A,7,16,0.44,active,2025-03-30T05:15:37Z,"[-9.191793, 38.697907, -9.191793, 38.697907]",-9.191793,38.697907
emel_gira_stations.20,geom,315,315,315 - Rua Passos Manuel/ Jardim Constantino,A,16,20,0.8,repair,2025-03-30T05:15:49Z,"[-9.136968, 38.731264, -9.136968, 38.731264]",-9.136968,38.731264
emel_gira_stations.58,geom,520,520,520 - Lispolis,A,5,23,0.22,active,2025-03-30T05:15:36Z,"[-9.182513, 38.766995, -9.182513, 38.766995]",-9.182513,38.766995
emel_gira_stations.72,geom,241,241,241 - Rua Bartolomeu Dias / Palácio do Governador,A,5,11,0.45,active,2025-03-30T05:15:41Z,"[-9.214902, 38.694942, -9.214902, 38.694942]",-9.214902,38.694942
emel_gira_stations.184,geom,450,450,450 - Rua Alfredo Cortês,A,4,15,0.27,active,2025-03-30T05:15:42Z,"[-9.143854, 38.746268, -9.143854, 38.746268]",-9.143854,38.746268
emel_gira_stations.62,geom,435,435,435 - Interface de Sete Rios,A,10,43,0.23,active,2025-03-30T05:15:38Z,"[-9.166955, 38.740579, -9.166955, 38.740579]",-9.166955,38.740579
emel_gira_stations.63,geom,209,209,209 - Ribeira das Naus,A,25,27,0.93,active,2025-03-30T05:15:38Z,"[-9.141466, 38.705954, -9.141466, 38.705954]",-9.141466,38.705954
emel_gira_stations.70,geom,511,511,511 - Avenida do Uruguai,A,8,27,0.3,active,2025-03-30T05:15:40Z,"[-9.196294, 38.753789, -9.196294, 38.753789]",-9.196294,38.753789
emel_gira_stations.71,geom,281,281,281 - HUB Criativo do Beato Nascente,A,8,26,0.31,active,2025-03-30T05:15:41Z,"[-9.105308, 38.731578, -9.105308, 38.731578]",-9.105308,38.731578
emel_gira_stations.75,geom,503,503,503 - Rua Conde de Almoster / Rua Carlos Pereira,A,5,12,0.42,active,2025-03-30T05:15:41Z,"[-9.178764, 38.74266, -9.178764, 38.74266]",-9.178764,38.74266
emel_gira_stations.158,geom,105,105,105 - CC Vasco da Gama,A,19,40,0.48,active,2025-03-30T05:15:01Z,"[-9.096222, 38.768548, -9.096222, 38.768548]",-9.096222,38.768548
emel_gira_stations.160,geom,102,102,102 - Porta do Mar,B,5,14,0.36,active,2025-03-30T05:15:02Z,"[-9.096439, 38.759156, -9.096439, 38.759156]",-9.096439,38.759156
emel_gira_stations.162,geom,106,106,106 - Jardim Garcia da Orta,B,3,14,0.21,active,2025-03-30T05:15:02Z,"[-9.092506, 38.769459, -9.092506, 38.769459]",-9.092506,38.769459
emel_gira_stations.157,geom,104,104,104 - Gare do Oriente,A,20,40,0.5,active,2025-03-30T05:15:01Z,"[-9.097322, 38.766716, -9.097322, 38.766716]",-9.097322,38.766716
emel_gira_stations.163,geom,107,107,107 - Rotunda dos Vice-Reis,B,5,14,0.36,active,2025-03-30T05:15:02Z,"[-9.095416, 38.774505, -9.095416, 38.774505]",-9.095416,38.774505
emel_gira_stations.159,geom,101,101,101 - Alameda dos Oceanos / Rua dos Argonautas,A,12,16,0.75,active,2025-03-30T05:15:01Z,"[-9.096804, 38.756161, -9.096804, 38.756161]",-9.096804,38.756161
emel_gira_stations.164,geom,108,108,108 - Rua do Bojador,B,5,14,0.36,active,2025-03-30T05:15:02Z,"[-9.09235, 38.774289, -9.09235, 38.774289]",-9.09235,38.774289
emel_gira_stations.161,geom,103,103,103 - Jardim da Água,B,14,20,0.7,active,2025-03-30T05:15:02Z,"[-9.095019, 38.761218, -9.095019, 38.761218]",-9.095019,38.761218
emel_gira_stations.174,geom,481,481,481 - Campo Grande / Museu da Cidade,B,2,20,0.1,active,2025-03-30T05:15:03Z,"[-9.156169, 38.758207, -9.156169, 38.758207]",-9.156169,38.758207
emel_gira_stations.181,geom,430,430,430 - Av. Barbosa Du Bocage / Rua Arco do Cego,B,2,20,0.1,active,2025-03-30T05:15:06Z,"[-9.14329, 38.74081, -9.14329, 38.74081]",-9.14329,38.74081
emel_gira_stations.166,geom,110,110,110 - Rua de Moscavide,B,17,18,0.94,active,2025-03-30T05:15:03Z,"[-9.097068, 38.778466, -9.097068, 38.778466]",-9.097068,38.778466
emel_gira_stations.175,geom,464,464,464 - Av. da Igreja / Rua Afonso Lopes Vieira,B,1,14,0.07,active,2025-03-30T05:15:04Z,"[-9.148427, 38.75165, -9.148427, 38.75165]",-9.148427,38.75165
emel_gira_stations.176,geom,414,414,414 - Av. Duque de Ávila / Rua Pinheiro Chagas,B,3,19,0.16,active,2025-03-30T05:15:04Z,"[-9.151, 38.735, -9.151, 38.735]",-9.151,38.735
emel_gira_stations.185,geom,460,460,460 - Av. Rio de Janeiro / Parque de Jogos 1º de Maio,B,3,15,0.2,active,2025-03-30T05:15:07Z,"[-9.13749, 38.75176, -9.13749, 38.75176]",-9.13749,38.75176
emel_gira_stations.190,geom,453,453,453 - Av. Roma / Av. EUA,B,6,14,0.43,active,2025-03-30T05:15:08Z,"[-9.14207, 38.74873, -9.14207, 38.74873]",-9.14207,38.74873
emel_gira_stations.229,geom,225,225,225 - Martim Moniz,A,5,16,0.31,active,2025-03-30T05:15:17Z,"[-9.13694, 38.71526, -9.13694, 38.71526]",-9.13694,38.71526
emel_gira_stations.173,geom,457,457,457 - Rua Aboim Ascensão,B,2,10,0.2,active,2025-03-30T05:15:03Z,"[-9.14722, 38.74975, -9.14722, 38.74975]",-9.14722,38.74975
emel_gira_stations.189,geom,413,413,413 - Av. Ressano Garcia / Av. António Augusto de Aguiar,B,3,10,0.3,active,2025-03-30T05:15:08Z,"[-9.15425, 38.73432, -9.15425, 38.73432]",-9.15425,38.73432
emel_gira_stations.195,geom,463,463,463 - Campo Grande / Av. da Igreja,B,1,10,0.1,active,2025-03-30T05:15:10Z,"[-9.14951, 38.75243, -9.14951, 38.75243]",-9.14951,38.75243
emel_gira_stations.234,geom,218,218,218 - Cais do Sodré,A,9,22,0.41,active,2025-03-30T05:15:18Z,"[-9.14471, 38.70617, -9.14471, 38.70617]",-9.14471,38.70617
emel_gira_stations.186,geom,472,472,472 - Rua Marquês Soveral / ES Padre António Vieira,B,3,14,0.21,active,2025-03-30T05:15:07Z,"[-9.13608, 38.75784, -9.13608, 38.75784]",-9.13608,38.75784
emel_gira_stations.191,geom,473,473,473 - Av. do Brasil / Av. de Roma,B,5,14,0.36,active,2025-03-30T05:15:08Z,"[-9.14697, 38.75643, -9.14697, 38.75643]",-9.14697,38.75643
emel_gira_stations.235,geom,216,216,216 - Praça D. Luís I,A,3,21,0.14,active,2025-03-30T05:15:18Z,"[-9.14655, 38.70663, -9.14655, 38.70663]",-9.14655,38.70663
emel_gira_stations.194,geom,474,474,474 - Av. do Brasil / Av. Rio de Janeiro,A,6,15,0.4,active,2025-03-30T05:15:10Z,"[-9.1409, 38.75832, -9.1409, 38.75832]",-9.1409,38.75832
emel_gira_stations.244,geom,433,433,433 - Av. Paris / Av. Almirante Reis,B,9,14,0.64,active,2025-03-30T05:15:20Z,"[-9.13409, 38.74095, -9.13409, 38.74095]",-9.13409,38.74095
emel_gira_stations.12,geom,552,552,552 - Alameda das Linhas de Torres / Hospital Puli,A,4,12,0.33,active,2025-03-30T05:15:25Z,"[-9.157335, 38.766075, -9.157335, 38.766075]",-9.157335,38.766075
emel_gira_stations.196,geom,407,407,407 - Praça Duque de Saldanha,A,1,17,0.06,active,2025-03-30T05:15:10Z,"[-9.14446, 38.73434, -9.14446, 38.73434]",-9.14446,38.73434
emel_gira_stations.246,geom,301,301,301 - Avenida da Liberdade / Restauradores,A,19,21,0.9,active,2025-03-30T05:15:21Z,"[-9.14242, 38.71702, -9.14242, 38.71702]",-9.14242,38.71702
emel_gira_stations.197,geom,408,408,408 - Praça Duque de Saldanha,A,4,10,0.4,active,2025-03-30T05:15:11Z,"[-9.144117, 38.733749, -9.144117, 38.733749]",-9.144117,38.733749
emel_gira_stations.253,geom,206,206,206 - Av. Brasília / Doca de Alcântara,A,5,22,0.23,active,2025-03-30T05:15:22Z,"[-9.17502, 38.70141, -9.17502, 38.70141]",-9.17502,38.70141
emel_gira_stations.198,geom,406,406,406 - Praça Duque de Saldanha,A,2,17,0.12,active,2025-03-30T05:15:11Z,"[-9.145341, 38.734247, -9.145341, 38.734247]",-9.145341,38.734247
emel_gira_stations.255,geom,213,213,213 - Av. Infante Dom Henrique / Santa Apolónia,A,28,32,0.88,active,2025-03-30T05:15:22Z,"[-9.122548, 38.713416, -9.122548, 38.713416]",-9.122548,38.713416
emel_gira_stations.199,geom,428,428,428 - Av. República / Avenida Barbosa Du Bocage,A,2,12,0.17,active,2025-03-30T05:15:12Z,"[-9.14684, 38.74047, -9.14684, 38.74047]",-9.14684,38.74047
emel_gira_stations.256,geom,475,475,475 - Av. Professor Gama Pinto / Cantina Velha,B,20,41,0.49,active,2025-03-30T05:15:23Z,"[-9.15907, 38.75115, -9.15907, 38.75115]",-9.15907,38.75115
emel_gira_stations.200,geom,427,427,427 - Av. República / Av. Visconde Valmor,A,0,12,0.0,active,2025-03-30T05:15:12Z,"[-9.14617, 38.73812, -9.14617, 38.73812]",-9.14617,38.73812
emel_gira_stations.258,geom,461,461,461 - Rua Professora Teresa Ambrósio,B,3,32,0.09,active,2025-03-30T05:15:23Z,"[-9.155564, 38.749141, -9.155564, 38.749141]",-9.155564,38.749141
emel_gira_stations.201,geom,446,446,446 - Av. República / Interface Entrecampos ,A,7,40,0.18,active,2025-03-30T05:15:12Z,"[-9.14773, 38.74456, -9.14773, 38.74456]",-9.14773,38.74456
emel_gira_stations.260,geom,476,476,476 - Av. Professor Gama Pinto / Reitoria,B,0,23,0.0,active,2025-03-30T05:15:23Z,"[-9.15885, 38.75231, -9.15885, 38.75231]",-9.15885,38.75231
emel_gira_stations.202,geom,403,403,403 - Av. Fontes Pereira de Melo,B,3,20,0.15,active,2025-03-30T05:15:12Z,"[-9.146522, 38.731698, -9.146522, 38.731698]",-9.146522,38.731698
emel_gira_stations.264,geom,478,478,478 - Alameda da Universidade / Faculdade de Letras,B,1,32,0.03,active,2025-03-30T05:15:24Z,"[-9.15717, 38.75359, -9.15717, 38.75359]",-9.15717,38.75359
emel_gira_stations.203,geom,416,416,416 - Av. República / Avenida Duque de Ávila,A,2,16,0.13,active,2025-03-30T05:15:13Z,"[-9.14553, 38.735304, -9.14553, 38.735304]",-9.14553,38.735304
emel_gira_stations.265,geom,477,477,477 - Alameda da Universidade / Faculdade de Direito,B,2,24,0.08,active,2025-03-30T05:15:24Z,"[-9.15671, 38.75264, -9.15671, 38.75264]",-9.15671,38.75264
emel_gira_stations.204,geom,471,471,471 - Rua Lopes de Mendonça / EB São João de Brito,B,4,10,0.4,active,2025-03-30T05:15:13Z,"[-9.137337, 38.756487, -9.137337, 38.756487]",-9.137337,38.756487
emel_gira_stations.5,geom,132,132,132 - Avenida de Berlim / Rua Cidade de Cabinda,A,4,25,0.16,active,2025-03-30T05:15:24Z,"[-9.11255, 38.76829, -9.11255, 38.76829]",-9.11255,38.76829
emel_gira_stations.211,geom,115,115,115 - Passeio dos Heróis do Mar / Rua Capitão Cook,A,10,29,0.34,active,2025-03-30T05:15:13Z,"[-9.09781, 38.793, -9.09781, 38.793]",-9.09781,38.793
emel_gira_stations.8,geom,133,133,133 - Rua Cidade de Benguela / Avenida Cidade de L,A,4,18,0.22,active,2025-03-30T05:15:25Z,"[-9.110724, 38.76503, -9.110724, 38.76503]",-9.110724,38.76503
emel_gira_stations.212,geom,421,421,421 - Alameda D. Afonso Henriques,A,29,41,0.71,active,2025-03-30T05:15:13Z,"[-9.13416, 38.73736, -9.13416, 38.73736]",-9.13416,38.73736
emel_gira_stations.11,geom,550,550,550 - Rua Fernando Curado Ribeiro / Alameda das Li,A,14,20,0.7,active,2025-03-30T05:15:25Z,"[-9.156487, 38.760871, -9.156487, 38.760871]",-9.156487,38.760871
emel_gira_stations.213,geom,420,420,420 - Av. Rovisco Pais / Av. Manuel da Maia,B,24,26,0.92,active,2025-03-30T05:15:13Z,"[-9.13672, 38.73617, -9.13672, 38.73617]",-9.13672,38.73617
emel_gira_stations.13,geom,556,556,556 - Alamedas das Linhas de Torres / Estrada da T,A,6,11,0.55,active,2025-03-30T05:15:25Z,"[-9.161462, 38.773489, -9.161462, 38.773489]",-9.161462,38.773489
emel_gira_stations.214,geom,484,484,484 - Rua Professor Vieira de Almeida,A,4,22,0.18,active,2025-03-30T05:15:14Z,"[-9.16658, 38.76081, -9.16658, 38.76081]",-9.16658,38.76081
emel_gira_stations.17,geom,223,223,223 - Praça do Rossio,A,7,21,0.33,active,2025-03-30T05:15:27Z,"[-9.138952, 38.713112, -9.138952, 38.713112]",-9.138952,38.713112
emel_gira_stations.216,geom,309,309,309 - Rua da Palma,B,5,10,0.5,active,2025-03-30T05:15:14Z,"[-9.13577, 38.71901, -9.13577, 38.71901]",-9.13577,38.71901
emel_gira_stations.25,geom,314,314,314 - Rua Marques da Silva / Rua António Pedro,A,11,12,0.92,active,2025-03-30T05:15:29Z,"[-9.135675, 38.729657, -9.135675, 38.729657]",-9.135675,38.729657
emel_gira_stations.217,geom,219,219,219 - Praça do Município,A,18,22,0.82,active,2025-03-30T05:15:14Z,"[-9.13951, 38.70797, -9.13951, 38.70797]",-9.13951,38.70797
emel_gira_stations.26,geom,316,316,316 - Rua António Pedro / Rua Pascoal de Melo,A,13,14,0.93,active,2025-03-30T05:15:30Z,"[-9.135356, 38.731424, -9.135356, 38.731424]",-9.135356,38.731424
emel_gira_stations.218,geom,304,304,304 - Avenida da Liberdade / São Jorge,A,8,16,0.5,active,2025-03-30T05:15:14Z,"[-9.14637, 38.72026, -9.14637, 38.72026]",-9.14637,38.72026
emel_gira_stations.29,geom,151,151,151 - Rua Contra Almirante Ferraz / Escola Sec.António Damásio,A,14,24,0.58,active,2025-03-30T05:15:30Z,"[-9.108728, 38.770434, -9.108728, 38.770434]",-9.108728,38.770434
emel_gira_stations.224,geom,488,488,488 - Rua Fernando Namora / Rua António Quadros,B,3,20,0.15,active,2025-03-30T05:15:16Z,"[-9.17526, 38.76014, -9.17526, 38.76014]",-9.17526,38.76014
emel_gira_stations.30,geom,130,130,130 - Avenida Berlim / Rua Américo Jesus Fernandes,A,12,20,0.6,active,2025-03-30T05:15:30Z,"[-9.106858, 38.767761, -9.106858, 38.767761]",-9.106858,38.767761
emel_gira_stations.225,geom,308,308,308 - Marquês de Pombal,A,9,11,0.82,active,2025-03-30T05:15:16Z,"[-9.14969, 38.7246, -9.14969, 38.7246]",-9.14969,38.7246
emel_gira_stations.37,geom,365,365,365 - Rua Castilho / Rua Marquês da Fronteira,A,3,30,0.1,active,2025-03-30T05:15:33Z,"[-9.157531, 38.729724, -9.157531, 38.729724]",-9.157531,38.729724
emel_gira_stations.227,geom,114,114,114 - Via do Oriente,B,8,10,0.8,active,2025-03-30T05:15:16Z,"[-9.09974, 38.78836, -9.09974, 38.78836]",-9.09974,38.78836
emel_gira_stations.38,geom,508,508,508 - Estação de Comboios de Benfica,A,13,23,0.57,active,2025-03-30T05:15:33Z,"[-9.200039, 38.74473, -9.200039, 38.74473]",-9.200039,38.74473
emel_gira_stations.39,geom,510,510,510 - Largo da Revista Militar / Avenida do Colégio Militar,A,2,17,0.12,active,2025-03-30T05:15:33Z,"[-9.189058, 38.752892, -9.189058, 38.752892]",-9.189058,38.752892
emel_gira_stations.228,geom,224,224,224 - Martim Moniz,A,0,22,0.0,repair,2025-03-30T05:15:49Z,"[-9.13651, 38.71498, -9.13651, 38.71498]",-9.13651,38.71498
emel_gira_stations.231,geom,212,212,212 - Av. Infante Dom Henrique / Terminal de Cruzeiros,B,14,20,0.7,active,2025-03-30T05:15:17Z,"[-9.12769, 38.71035, -9.12769, 38.71035]",-9.12769,38.71035
emel_gira_stations.40,geom,517,517,517 - Rua Padre Américo,A,2,19,0.11,active,2025-03-30T05:15:33Z,"[-9.180437, 38.763505, -9.180437, 38.763505]",-9.180437,38.763505
emel_gira_stations.232,geom,432,432,432 - Praça de Londres,B,4,10,0.4,active,2025-03-30T05:15:17Z,"[-9.1377, 38.7407, -9.1377, 38.7407]",-9.1377,38.7407
emel_gira_stations.41,geom,518,518,518 - Avenida das Nações Unidas / Azinhaga da Torre do Fato,A,7,20,0.35,active,2025-03-30T05:15:34Z,"[-9.177955, 38.764097, -9.177955, 38.764097]",-9.177955,38.764097
emel_gira_stations.236,geom,462,462,462 - Campo Grande / Biblioteca Nacional,B,4,29,0.14,active,2025-03-30T05:15:19Z,"[-9.15031, 38.75027, -9.15031, 38.75027]",-9.15031,38.75027
emel_gira_stations.44,geom,238,238,238 - Rua de Cascais / Alcântara Mar,A,16,23,0.7,active,2025-03-30T05:15:34Z,"[-9.175234, 38.702936, -9.175234, 38.702936]",-9.175234,38.702936
emel_gira_stations.237,geom,483,483,483 - Rua Professor Francisco Lucas Pires ,B,1,15,0.07,active,2025-03-30T05:15:19Z,"[-9.16405, 38.75939, -9.16405, 38.75939]",-9.16405,38.75939
emel_gira_stations.46,geom,364,364,364 -Rua D.francisco M. de melo / Rua artilharia 1,A,2,14,0.14,active,2025-03-30T05:15:34Z,"[-9.159369, 38.728263, -9.159369, 38.728263]",-9.159369,38.728263
emel_gira_stations.239,geom,214,214,214 - Largo de Santos,A,9,24,0.38,active,2025-03-30T05:15:19Z,"[-9.15424, 38.70673, -9.15424, 38.70673]",-9.15424,38.70673
emel_gira_stations.47,geom,363,363,363 - Rua de campolide / Rua marques da fronteira,A,3,14,0.21,active,2025-03-30T05:15:34Z,"[-9.162216, 38.727094, -9.162216, 38.727094]",-9.162216,38.727094
emel_gira_stations.240,geom,208,208,208 - Cais das Pombas,A,19,22,0.86,active,2025-03-30T05:15:19Z,"[-9.14373, 38.70523, -9.14373, 38.70523]",-9.14373,38.70523
emel_gira_stations.49,geom,519,519,519 - Rua Prof. Pulido Valente / Rua Prof. Mário ,A,8,25,0.32,active,2025-03-30T05:15:35Z,"[-9.1691, 38.763204, -9.1691, 38.763204]",-9.1691,38.763204
emel_gira_stations.243,geom,410,410,410 - Rua da Mesquita / Universidade Nova de Lisboa,B,7,40,0.18,active,2025-03-30T05:15:20Z,"[-9.16015, 38.73492, -9.16015, 38.73492]",-9.16015,38.73492
emel_gira_stations.50,geom,352,352,352 - Rua Tomás da Anunciação / Rua Almeida e S.,A,12,17,0.71,active,2025-03-30T05:15:35Z,"[-9.165653, 38.717313, -9.165653, 38.717313]",-9.165653,38.717313
emel_gira_stations.245,geom,113,113,113 - Alameda dos Oceanos/ Passeio do Levante,B,11,14,0.79,active,2025-03-30T05:15:20Z,"[-9.09825, 38.78414, -9.09825, 38.78414]",-9.09825,38.78414
emel_gira_stations.56,geom,509,509,509 - Centro Comercial Fonte Nova,A,6,17,0.35,active,2025-03-30T05:15:36Z,"[-9.190007, 38.748901, -9.190007, 38.748901]",-9.190007,38.748901
emel_gira_stations.247,geom,112,112,112 - Alameda dos Oceanos / Passeio das Garças,B,10,14,0.71,active,2025-03-30T05:15:21Z,"[-9.09622, 38.78069, -9.09622, 38.78069]",-9.09622,38.78069
emel_gira_stations.59,geom,521,521,521 - Rua César de Oliveira / Rua Fernando Lopes Graça,A,7,22,0.32,active,2025-03-30T05:15:37Z,"[-9.17386, 38.769044, -9.17386, 38.769044]",-9.17386,38.769044
emel_gira_stations.248,geom,456,456,456 - Entrecampos / Av. das Forças Armadas,A,20,41,0.49,active,2025-03-30T05:15:21Z,"[-9.14872, 38.74877, -9.14872, 38.74877]",-9.14872,38.74877
emel_gira_stations.64,geom,506,506,506 - Rua Tenente Coronel Reibeiro dos Reis/Rua Conde de Almoster,A,5,17,0.29,active,2025-03-30T05:15:39Z,"[-9.190028, 38.745181, -9.190028, 38.745181]",-9.190028,38.745181
emel_gira_stations.249,geom,215,215,215 - Av. 24 de Julho,B,7,17,0.41,active,2025-03-30T05:15:21Z,"[-9.14949, 38.70662, -9.14949, 38.70662]",-9.14949,38.70662
emel_gira_stations.66,geom,516,516,516 - Rua Professor Carlos Teixeira / Rua Professor Simões Raposo,A,1,16,0.06,active,2025-03-30T05:15:40Z,"[-9.174872, 38.76217, -9.174872, 38.76217]",-9.174872,38.76217
emel_gira_stations.250,geom,222,222,222 - Praça da Figueira,A,11,30,0.37,active,2025-03-30T05:15:22Z,"[-9.13828, 38.71383, -9.13828, 38.71383]",-9.13828,38.71383
emel_gira_stations.67,geom,437,437,437 - Avenida Columbano Bordalo Pinheiro / Rua de Campolide,A,0,17,0.0,active,2025-03-30T05:15:40Z,"[-9.166589, 38.739427, -9.166589, 38.739427]",-9.166589,38.739427
emel_gira_stations.251,geom,205,205,205 - Av. Brasília / Cordoaria,B,8,10,0.8,active,2025-03-30T05:15:22Z,"[-9.188, 38.697, -9.188, 38.697]",-9.188,38.697
emel_gira_stations.77,geom,280,280,280 - HUB Criativo do Beato Poente,A,5,16,0.31,active,2025-03-30T05:15:42Z,"[-9.106709, 38.729739, -9.106709, 38.729739]",-9.106709,38.729739
emel_gira_stations.252,geom,203,203,203 - Padrão dos Descobrimentos,A,3,22,0.14,active,2025-03-30T05:15:22Z,"[-9.20633, 38.6935, -9.20633, 38.6935]",-9.20633,38.6935
emel_gira_stations.69,geom,231,231,231 - Largo Luís Alves Miguel / Rua Fernão Mendes Pinto,A,9,11,0.82,active,2025-03-30T05:15:40Z,"[-9.219675, 38.695342, -9.219675, 38.695342]",-9.219675,38.695342
emel_gira_stations.257,geom,479,479,479 - Rua Professor Oliveira Marques,B,7,13,0.54,active,2025-03-30T05:15:23Z,"[-9.15724, 38.75491, -9.15724, 38.75491]",-9.15724,38.75491
emel_gira_stations.73,geom,438,438,438 - Avenida Columbano Bordalo Pinheiro / Praça de Espanha,A,0,22,0.0,active,2025-03-30T05:15:41Z,"[-9.159409, 38.738086, -9.159409, 38.738086]",-9.159409,38.738086
emel_gira_stations.259,geom,480,480,480 - Faculdade de Ciências,B,1,25,0.04,active,2025-03-30T05:15:23Z,"[-9.15503, 38.75587, -9.15503, 38.75587]",-9.15503,38.75587
emel_gira_stations.76,geom,512,512,512 - Metro da Pontinha,A,18,31,0.58,active,2025-03-30T05:15:42Z,"[-9.196769, 38.762605, -9.196769, 38.762605]",-9.196769,38.762605
emel_gira_stations.6,geom,134,134,134 - Praça Cidade do Luso,A,4,20,0.2,active,2025-03-30T05:15:24Z,"[-9.116342, 38.765588, -9.116342, 38.765588]",-9.116342,38.765588
emel_gira_stations.9,geom,150,150,150 - Avenida Dr. Francisco Luis Gomes / Go Fit,A,6,17,0.35,active,2025-03-30T05:15:24Z,"[-9.111745, 38.769665, -9.111745, 38.769665]",-9.111745,38.769665
emel_gira_stations.7,geom,131,131,131 - Avenida de Berlim / Praça Baden Powell,A,6,21,0.29,active,2025-03-30T05:15:25Z,"[-9.110767, 38.768137, -9.110767, 38.768137]",-9.110767,38.768137
emel_gira_stations.14,geom,551,551,551 - Rua Francisco Stromp / Alameda das Linhas de,A,8,20,0.4,active,2025-03-30T05:15:26Z,"[-9.157235, 38.762584, -9.157235, 38.762584]",-9.157235,38.762584
emel_gira_stations.15,geom,554,554,554 - Alameda das Linhas de Torres / Rua Ladislau,A,5,27,0.19,active,2025-03-30T05:15:26Z,"[-9.158298, 38.768683, -9.158298, 38.768683]",-9.158298,38.768683
emel_gira_stations.16,geom,135,135,135 - Avenida Cidade de Lourenço Marques / Vale do,A,13,20,0.65,active,2025-03-30T05:15:27Z,"[-9.118689, 38.764067, -9.118689, 38.764067]",-9.118689,38.764067
emel_gira_stations.19,geom,220,220,220 - Rua do Comercio,A,13,20,0.65,active,2025-03-30T05:15:28Z,"[-9.137125, 38.70878, -9.137125, 38.70878]",-9.137125,38.70878
emel_gira_stations.18,geom,226,226,226 - Rua dos Fanqueiros,A,3,13,0.23,active,2025-03-30T05:15:28Z,"[-9.136456, 38.711888, -9.136456, 38.711888]",-9.136456,38.711888
emel_gira_stations.21,geom,137,137,137 - Rua Cidade de Bissau (entrada SPACIO),A,4,33,0.12,active,2025-03-30T05:15:28Z,"[-9.114505, 38.762829, -9.114505, 38.762829]",-9.114505,38.762829
emel_gira_stations.23,geom,311,311,311 - Avenida Almirante Reis Nº14,A,3,11,0.27,active,2025-03-30T05:15:28Z,"[-9.135295, 38.721721, -9.135295, 38.721721]",-9.135295,38.721721
emel_gira_stations.24,geom,313,313,313 - Rua Frei Francisco Foreiro / Rua de Arroios,A,13,14,0.93,active,2025-03-30T05:15:29Z,"[-9.135956, 38.728049, -9.135956, 38.728049]",-9.135956,38.728049
emel_gira_stations.27,geom,555,555,555 - Alameda das Linhas de Torres,A,10,33,0.3,active,2025-03-30T05:15:30Z,"[-9.160248, 38.770657, -9.160248, 38.770657]",-9.160248,38.770657
emel_gira_stations.28,geom,221,221,221 - Rua do Crucifixo / Rua São Nicolau,A,1,15,0.07,active,2025-03-30T05:15:30Z,"[-9.138828, 38.710191, -9.138828, 38.710191]",-9.138828,38.710191
emel_gira_stations.31,geom,366,366,366 - Palacio da justiça,A,4,30,0.13,active,2025-03-30T05:15:31Z,"[-9.156435, 38.731134, -9.156435, 38.731134]",-9.156435,38.731134
emel_gira_stations.32,geom,310,310,310 - Rua Pina Manique / Largo do Intendente ,A,7,17,0.41,active,2025-03-30T05:15:31Z,"[-9.134847, 38.720733, -9.134847, 38.720733]",-9.134847,38.720733
emel_gira_stations.33,geom,312,312,312 - Rua Álvaro Coutinho / Avenida Almirante Reis,A,15,18,0.83,active,2025-03-30T05:15:31Z,"[-9.134802, 38.724869, -9.134802, 38.724869]",-9.134802,38.724869
emel_gira_stations.34,geom,553,553,553 - Rua Luis Pastor de Macedo / Rua Tobis Portuguesa,A,5,12,0.42,active,2025-03-30T05:15:32Z,"[-9.15535, 38.767114, -9.15535, 38.767114]",-9.15535,38.767114
emel_gira_stations.35,geom,361,361,361 - Amoreiras Shopping Center,A,5,31,0.16,active,2025-03-30T05:15:32Z,"[-9.160992, 38.72392, -9.160992, 38.72392]",-9.160992,38.72392
emel_gira_stations.36,geom,362,362,362 - Avenida Eng. Duarte Pacheco,A,0,40,0.0,active,2025-03-30T05:15:33Z,"[-9.159469, 38.72437, -9.159469, 38.72437]",-9.159469,38.72437
emel_gira_stations.55,geom,507,507,507 - Rua José dos Santos Pereira / Rua Conde de Almoster,A,7,17,0.41,active,2025-03-30T05:15:36Z,"[-9.193024, 38.744727, -9.193024, 38.744727]",-9.193024,38.744727
emel_gira_stations.57,geom,514,514,514 - Avenida do Colegio Militar / Rua Adelaide Cabete,A,8,17,0.47,active,2025-03-30T05:15:36Z,"[-9.185588, 38.75736, -9.185588, 38.75736]",-9.185588,38.75736
emel_gira_stations.53,geom,237,237,237 - Avenida da India / Praca das Industrias,A,10,30,0.33,active,2025-03-30T05:15:37Z,"[-9.182262, 38.699093, -9.182262, 38.699093]",-9.182262,38.699093
emel_gira_stations.60,geom,436,436,436 - Instituto Português de Oncologia,A,3,17,0.18,active,2025-03-30T05:15:38Z,"[-9.162447, 38.739395, -9.162447, 38.739395]",-9.162447,38.739395
emel_gira_stations.61,geom,513,513,513 - Rua Guiomar Torresão/Metro de Carnide,A,8,20,0.4,active,2025-03-30T05:15:38Z,"[-9.19216, 38.758691, -9.19216, 38.758691]",-9.19216,38.758691
emel_gira_stations.74,geom,502,502,502 - Rua São Domingos de Benfica / Rua Francisco Gentil Martins,A,7,16,0.44,active,2025-03-30T05:15:41Z,"[-9.176365, 38.741406, -9.176365, 38.741406]",-9.176365,38.741406
emel_gira_stations.221,geom,307,307,307 - Marquês de Pombal,A,11,33,0.33,active,2025-03-30T05:15:16Z,"[-9.149334, 38.724954, -9.149334, 38.724954]",-9.149334,38.724954
emel_gira_stations.51,geom,230,230,230 - Praça D. Manuel I,A,11,27,0.41,active,2025-03-30T05:15:38Z,"[-9.226569, 38.697979, -9.226569, 38.697979]",-9.226569,38.697979
